% -------------------------------------------------------------------
%  Generated by MATLAB on 5-Dec-2015 15:50:46
%  MATLAB version: 8.5.0.197613 (R2015a)
% -------------------------------------------------------------------
                                                       

final_columns = [63 79 203 211 216 222 253 278 280 288 290 316 319 382 ...
                 396 499 517 576 607 635 654 689 700 706 712 716 717 718 ...
                 735 775 852 857 919 1004 1025 1026 1027 1042 1057 1086 ...
                 1100 1113 1138 1194 1196 1243 1253 1315 1377 1378 1439 ...
                 1468 1488 1503 1539 1557 1563 1587 1589 1633 1646 1722 ...
                 1745 1752 1755 1772 1773 1787 1812 1817 1821 1824 1825 ...
                 1826 1827 1848 1912 1914 1926 1937 1949 1970 1971 1990 ...
                 2007 2011 2013 2014 2028 2029 2038 2061 2087 2103 2155 ...
                 2157 2164 2173 2189 2244 2262 2302 2330 2386 2391 2404 ...
                 2418 2435 2456 2514 2550 2569 2605 2672 2712 2722 2760 ...
                 2785 2793 2808 2841 2848 2852 2864 2867 2904 2929 2954 ...
                 2981 3060 3097 3098 3107 3113 3152 3160 3174 3196 3205 ...
                 3219 3228 3237 3321 3355 3357 3359 3377 3389 3428 3441 ...
                 3462 3473 3480 3508 3511 3566 3591 3625 3638 3650 3708 ...
                 3714 3808 3811 3837 3887 3890 3943 3946 4027 4039 4061 ...
                 4105 4174 4187 4224 4271 4304 4356 4360 4362 4369 4435 ...
                 4444 4460 4463 4466 4472 4475 4479 4524 4539 4554 4588 ...
                 4619 4679 4696 4700 4729 4754 4760 4762 4780 4793 4822 ...
                 4860 4861 4862 4863 4864 4878 4899 4924 4928 4944 4965 ...
                 4986];

